"x"	"y"	"z"
"1"	0.019	0.156	3
"2"	0.039	0.263	3
"3"	0.068	0.11	3
"4"	0.068	0.15	3
"5"	0.098	0.296	3
"6"	0.119	0.036	3
"7"	0.121	0.118	3
"8"	0.125	0.065	3
"9"	0.153	0.065	3
"10"	0.163	0.22	3
"11"	0.186	0.17	3
"12"	0.201	0.26	1
"13"	0.207	0.3	3
"14"	0.212	0.136	3
"15"	0.226	0.172	1
"16"	0.231	0.276	1
"17"	0.232	0.08	3
"18"	0.235	0.221	1
"19"	0.252	0.147	1
"20"	0.282	0.166	3
"21"	0.303	0.125	3
"22"	0.305	0.228	3
"23"	0.305	0.294	3
"24"	0.33	0.303	3
"25"	0.341	0.2	3
"26"	0.359	0.071	3
"27"	0.365	0.023	3
"28"	0.378	0.149	3
"29"	0.401	0.17	3
"30"	0.407	0.005	2
"31"	0.416	0.102	2
"32"	0.44	0.039	2
"33"	0.452	0.181	2
"34"	0.457	0.136	2
"35"	0.481	0.246	1
"36"	0.495	0.166	2
"37"	0.5	0.305	1
"38"	0.523	0.198	3
"39"	0.539	0.307	1
"40"	0.55	0.037	2
"41"	0.55	0.237	2
"42"	0.56	0.19	2
"43"	0.579	0.303	3
"44"	0.627	0.111	3
"45"	0.653	0.305	3
"46"	0.675	0.017	2
"47"	0.683	0.107	3
"48"	0.693	0.276	3
"49"	0.706	0.186	3
"50"	0.707	0.057	3
"51"	0.728	0.291	3
"52"	0.759	0.224	3
"53"	0.777	0.125	3
"54"	0.794	0.057	3
"55"	0.796	0.011	3
"56"	0.822	0.28	3
"57"	0.831	0.019	3
"58"	0.889	0.014	3
"59"	0.89	0.045	3
"60"	0.89	0.22	2
"61"	0.93	0.218	2
"62"	0.937	0.289	3
"63"	0.949	0.023	3
"64"	0.961	0.272	1
"65"	1	0	3
"66"	0	0.752	3
"67"	0.005	0.964	3
"68"	0.011	0.659	3
"69"	0.017	0.591	3
"70"	0.019	0.529	2
"71"	0.025	0.376	3
"72"	0.039	0.568	3
"73"	0.056	0.692	3
"74"	0.07	0.789	3
"75"	0.071	0.732	3
"76"	0.073	0.421	3
"77"	0.073	0.485	1
"78"	0.079	0.963	3
"79"	0.087	0.525	1
"80"	0.099	0.324	3
"81"	0.104	0.562	2
"82"	0.11	0.438	3
"83"	0.113	0.82	3
"84"	0.124	0.76	3
"85"	0.138	0.392	3
"86"	0.141	0.608	3
"87"	0.164	0.531	2
"88"	0.164	0.638	3
"89"	0.167	0.337	3
"90"	0.169	0.486	2
"91"	0.169	0.805	3
"92"	0.189	0.847	3
"93"	0.192	0.515	3
"94"	0.193	0.695	3
"95"	0.204	0.348	3
"96"	0.211	0.416	3
"97"	0.214	0.385	3
"98"	0.228	0.791	3
"99"	0.232	0.632	2
"100"	0.238	0.514	3
"101"	0.254	0.964	3
"102"	0.259	0.43	3
"103"	0.265	0.687	3
"104"	0.266	0.788	3
"105"	0.272	0.469	3
"106"	0.274	0.604	1
"107"	0.276	0.361	1
"108"	0.305	0.74	3
"109"	0.313	0.553	3
"110"	0.313	0.971	3
"111"	0.314	0.884	3
"112"	0.316	0.359	3
"113"	0.327	0.913	3
"114"	0.333	0.599	3
"115"	0.336	0.664	1
"116"	0.354	0.57	2
"117"	0.361	0.515	3
"118"	0.372	0.441	3
"119"	0.381	0.755	3
"120"	0.381	0.807	3
"121"	0.381	0.98	3
"122"	0.401	0.437	3
"123"	0.404	0.737	3
"124"	0.406	0.649	1
"125"	0.406	0.966	3
"126"	0.409	0.475	3
"127"	0.421	0.683	3
"128"	0.446	0.717	2
"129"	0.455	0.554	3
"130"	0.46	0.401	1
"131"	0.469	0.362	1
"132"	0.469	0.646	3
"133"	0.475	0.848	3
"134"	0.477	0.926	3
"135"	0.492	0.534	1
"136"	0.492	0.718	3
"137"	0.503	0.43	3
"138"	0.503	0.619	3
"139"	0.509	0.351	1
"140"	0.52	0.786	3
"141"	0.522	0.949	3
"142"	0.528	0.655	2
"143"	0.531	0.519	1
"144"	0.553	0.587	3
"145"	0.557	0.387	3
"146"	0.562	0.415	3
"147"	0.567	0.322	3
"148"	0.568	0.545	1
"149"	0.579	0.741	3
"150"	0.587	0.483	1
"151"	0.594	0.983	3
"152"	0.607	0.616	3
"153"	0.618	0.362	3
"154"	0.619	0.571	3
"155"	0.628	0.701	3
"156"	0.628	0.748	3
"157"	0.632	0.825	3
"158"	0.636	0.512	1
"159"	0.646	0.435	3
"160"	0.67	0.517	3
"161"	0.676	0.475	3
"162"	0.683	0.551	3
"163"	0.695	0.896	3
"164"	0.711	0.356	3
"165"	0.711	0.571	1
"166"	0.717	0.768	3
"167"	0.72	0.825	3
"168"	0.731	0.94	3
"169"	0.735	0.342	3
"170"	0.735	0.862	3
"171"	0.757	0.802	3
"172"	0.759	0.573	2
"173"	0.766	0.376	2
"174"	0.768	0.522	3
"175"	0.774	0.63	2
"176"	0.774	0.745	3
"177"	0.783	0.853	3
"178"	0.796	0.598	2
"179"	0.8	0.983	3
"180"	0.805	0.526	2
"181"	0.813	0.912	2
"182"	0.824	0.336	2
"183"	0.824	0.412	2
"184"	0.831	0.661	2
"185"	0.833	0.728	3
"186"	0.853	0.378	2
"187"	0.859	0.943	2
"188"	0.882	0.797	2
"189"	0.915	0.74	3
"190"	0.929	0.901	2
"191"	0.932	0.776	2
"192"	0.943	0.842	2
"193"	0.944	0.334	1
"194"	0.947	0.57	2
"195"	0.949	0.96	2
"196"	0.954	0.396	2
"197"	0.955	0.437	2
"198"	0.971	0.802	2
"199"	0.977	0.927	3
"200"	0.983	0.359	1
"201"	0.989	0.593	3
